Test Accuracy: 0.9043

              precision    recall  f1-score   support

           0       0.65      0.76      0.70       400
           1       0.57      0.73      0.64       400
           2       0.92      0.92      0.92       400
           3       1.00      0.99      0.99       400
           4       0.96      0.97      0.97       400
           5       0.96      0.93      0.94       400
           6       0.95      0.96      0.96       400
           7       0.98      0.99      0.99       400
           8       0.95      0.98      0.97       400
           9       0.70      0.86      0.77       400
          10       0.98      0.99      0.99       400
          11       0.98      0.98      0.98       400
          12       0.97      0.96      0.97       400
          13       0.95      0.93      0.94       400
          14       0.99      0.99      0.99       400
          15       0.76      0.64      0.69       400
          16       0.96      0.96      0.96       400
          17       0.98      0.98      0.98       400
          18       0.70      0.68      0.69       400
          19       0.97      0.96      0.97       400
          20       0.99      0.99      0.99       400
          21       0.67      0.50      0.58       400
          22       0.99      0.99      0.99       400
          23       0.95      0.98      0.96       400
          24       0.72      0.63      0.67       400
          25       0.98      0.98      0.98       400
          26       0.96      0.96      0.96       400
          27       0.96      0.98      0.97       400
          28       0.92      0.95      0.93       400
          29       0.94      0.95      0.95       400
          30       0.94      0.94      0.94       400
          31       0.93      0.95      0.94       400
          32       0.99      0.99      0.99       400
          33       0.99      0.98      0.99       400
          34       0.96      0.94      0.95       400
          35       0.93      0.94      0.93       400
          36       0.92      0.94      0.93       400
          37       0.96      0.93      0.94       400
          38       0.99      0.98      0.98       400
          39       0.98      0.98      0.98       400
          40       0.68      0.75      0.71       400
          41       0.81      0.71      0.75       400
          42       0.95      0.95      0.95       400
          43       0.94      0.93      0.94       400
          44       0.75      0.61      0.67       400
          45       0.95      0.95      0.95       400
          46       0.92      0.94      0.93       400

    accuracy                           0.90     18800
   macro avg       0.91      0.90      0.90     18800
weighted avg       0.91      0.90      0.90     18800
